%YAML:1.0
---
K1: !!opencv-matrix
   rows: 3
   cols: 3
   dt: d
   data: [ 1530.4567271888884, 0., 924.82891692306202, 0.,
       1529.0784909680738, 501.55612012840862, 0., 0., 1. ]
dist1: !!opencv-matrix
   rows: 1
   cols: 5
   dt: d
   data: [ 0.024502284129270979, -0.026978812102790552,
       -0.0057590583011558555, -0.0039577132635995023,
       0.040602010513955809 ]
K2: !!opencv-matrix
   rows: 3
   cols: 3
   dt: d
   data: [ 1524.5375475911878, 0., 967.37800985550462, 0.,
       1524.8255047503446, 536.80491181125387, 0., 0., 1. ]
dist2: !!opencv-matrix
   rows: 1
   cols: 5
   dt: d
   data: [ 0.0019465538712444611, 0.14684302017665657,
       -0.0025383035266443154, 0.0050544419367110705,
       -0.32171182615956095 ]
R: !!opencv-matrix
   rows: 3
   cols: 3
   dt: d
   data: [ 0.99980860686908979, 0.0039385179767316399,
       -0.01916344714911428, -0.0043102242608616696, 0.99980262504557549,
       -0.019394146508612951, 0.019083280569939066, 0.019473033357015189,
       0.9996282455866109 ]
T: !!opencv-matrix
   rows: 3
   cols: 1
   dt: d
   data: [ -72.457577280423791, 0.35970933090589036, -4.2495948785422515 ]
