%YAML:1.0
---
K1: !!opencv-matrix
   rows: 3
   cols: 3
   dt: d
   data: [ 1467.2449810409289, 0., 981.17803373771687, 0.,
       1466.8254727133003, 555.81327342765576, 0., 0., 1. ]
dist1: !!opencv-matrix
   rows: 1
   cols: 5
   dt: d
   data: [ 0.0068260346037662201, 0.0044366097364838715,
       0.0025834233950875096, 0.0020885290812059408,
       -0.082144526927353329 ]
K2: !!opencv-matrix
   rows: 3
   cols: 3
   dt: d
   data: [ 1472.3864881961313, 0., 986.3496868783875, 0.,
       1470.4524022070379, 546.88963372159276, 0., 0., 1. ]
dist2: !!opencv-matrix
   rows: 1
   cols: 5
   dt: d
   data: [ 0.0056679588943176259, -0.025839266935005285,
       0.0027495865533351048, 0.0015667151378000723,
       -0.010393106228254179 ]
R: !!opencv-matrix
   rows: 3
   cols: 3
   dt: d
   data: [ 0.99999104443427567, -0.00071137884178218847,
       0.0041719289770961159, 0.0007231838741642904, 0.99999573741467707,
       -0.0028288085054180099, -0.0041698988393746843,
       0.0028318002435979098, 0.99998729634483341 ]
T: !!opencv-matrix
   rows: 3
   cols: 1
   dt: d
   data: [ -71.306759450234622, -0.24353296827170273,
       0.41202284371651543 ]
