%YAML:1.0
---
K1: !!opencv-matrix
   rows: 3
   cols: 3
   dt: d
   data: [ 1414.2044120562737, 0., 947.37770019817742, 0.,
       1422.3093850442656, 443.75778157126359, 0., 0., 1. ]
dist1: !!opencv-matrix
   rows: 1
   cols: 5
   dt: d
   data: [ 0.006788440595447265, 0.028464604337317723,
       -0.0020682428676899855, -0.0027999562693375207,
       -0.039165954958949027 ]
K2: !!opencv-matrix
   rows: 3
   cols: 3
   dt: d
   data: [ 1412.3526967498319, 0., 948.71846371334539, 0.,
       1422.213802969537, 445.83572334775454, 0., 0., 1. ]
dist2: !!opencv-matrix
   rows: 1
   cols: 5
   dt: d
   data: [ -0.0066421547204098584, 0.10939773102922917,
       -0.0023109974655202378, -0.0032742541957149949,
       -0.15319824368494203 ]
R: !!opencv-matrix
   rows: 3
   cols: 3
   dt: d
   data: [ 0.99999875650027714, 0.0012387634005688291,
       0.00097594217899942969, -0.001224412689246397,
       0.99989309732775444, -0.014570337328841746,
       -0.00099388704878945375, 0.01456912425464338, 0.99989337071859163 ]
T: !!opencv-matrix
   rows: 3
   cols: 1
   dt: d
   data: [ -70.840793305545972, -0.05882956470656487,
       0.77313242466162191 ]
